0,15,14,14,14,12,12,12,13,13
15,0,15,13,13,13,13,13,12,12
14,15,0,14,14,14,14,14,13,11
14,13,14,0,18,12,16,12,19,15
14,13,14,18,0,16,14,18,13,15
12,13,14,12,16,0,12,16,13,13
12,13,14,16,14,12,0,14,15,13
12,13,14,12,18,16,14,0,15,17
13,12,13,19,13,13,15,15,0,12
13,12,11,15,15,13,13,17,12,0
